54.933
67.141
-18.311
67.141
-122.074
85.452
67.141
18.311
-61.037
0.000
18.311
-61.037
-30.519
-6.104
91.556
-61.037
85.452
-12.207
97.659
30.519
-79.348
18.311
-12.207
-73.244
-115.970
-122.074
-18.311
109.867
18.311
54.933
30.519
0.000
-24.415
6.104
67.141
18.311
97.659
-97.659
-67.141
54.933
73.244
-122.074
91.556
18.311
54.933
18.311
-30.519
-61.037
24.415
73.244
85.452
-67.141
18.311
115.970
91.556
-97.659
109.867
-91.556
-24.415
0.000
73.244
115.970
-109.867
-109.867
-115.970
73.244
-91.556
79.348
-48.830
0.000
-18.311
0.000
-36.622
-42.726
67.141
115.970
73.244
48.830
-91.556
115.970
-115.970
6.104
-122.074
36.622
-97.659
-6.104
54.933
-61.037
-61.037
91.556
-79.348
109.867
12.207
-103.763
-30.519
97.659
-36.622
-67.141
-42.726
-115.970
109.867
103.763
-30.519
42.726
-42.726
103.763
-30.519
-97.659
36.622
54.933
18.311
91.556
61.037
91.556
103.763
36.622
-109.867
-24.415
48.830
122.074
-79.348
24.415
-115.970
97.659
-48.830
97.659
-30.519
-85.452
24.415
-54.933
-24.415
24.415
36.622
-122.074
24.415
-122.074
0.000
-79.348
-79.348
103.763
61.037
-12.207
-36.622
-73.244
79.348
91.556
91.556
-36.622
73.244
-36.622
-36.622
30.519
-24.415
-73.244
103.763
-54.933
-36.622
-6.104
54.933
42.726
-91.556
97.659
-24.415
109.867
-54.933
-115.970
6.104
0.000
-30.519
-85.452
109.867
-67.141
-6.104
67.141
103.763
0.000
-61.037
12.207
-12.207
-12.207
103.763
-18.311
-97.659
-67.141
-67.141
-12.207
-18.311
85.452
-103.763
85.452
73.244
103.763
109.867
-91.556
-97.659
-24.415
-115.970
12.207
85.452
115.970
-91.556
24.415
109.867
36.622
-18.311
42.726
54.933
0.000
-54.933
-115.970
-79.348
115.970
103.763
-54.933
-48.830
-103.763
-6.104
-6.104
-97.659
6.104
115.970
-36.622
-73.244
-67.141
54.933
61.037
91.556
79.348
-36.622
-115.970
-12.207
-6.104
-6.104
97.659
6.104
122.074
115.970
-48.830
-73.244
85.452
18.311
103.763
-79.348
79.348
24.415
91.556
-85.452
36.622
36.622
42.726
-6.104
18.311
122.074
79.348
91.556
-103.763
24.415
-18.311
-61.037
24.415
-97.659
103.763
-24.415
-109.867
-73.244
6.104
36.622
-115.970
122.074
-61.037
-36.622
-61.037
122.074
0.000
-61.037
-42.726
-122.074
-79.348
-61.037
0.000
97.659
61.037
73.244
-109.867
6.104
0.000
109.867
103.763
-24.415
54.933
-91.556
61.037
-85.452
-61.037
24.415
61.037
-109.867
-122.074
-12.207
-48.830
-109.867
79.348
-91.556
-48.830
6.104
91.556
61.037
122.074
91.556
-115.970
67.141
-12.207
30.519
-85.452
-18.311
-18.311
-61.037
-73.244
12.207
67.141
97.659
97.659
-115.970
-54.933
0.000
-67.141
24.415
85.452
-36.622
-6.104
42.726
-48.830
-79.348
0.000
-115.970
61.037
-122.074
-91.556
-67.141
-109.867
-85.452
-12.207
103.763
-115.970
-30.519
-73.244
48.830
-6.104
24.415
73.244
109.867
-6.104
12.207
-115.970
-24.415
0.000
42.726
36.622
-61.037
18.311
-73.244
103.763
115.970
122.074
-42.726
-122.074
-6.104
79.348
18.311
0.000
-36.622
-24.415
122.074
73.244
18.311
-18.311
6.104
103.763
-85.452
24.415
-24.415
42.726
115.970
122.074
12.207
12.207
0.000
24.415
54.933
103.763
103.763
18.311
-6.104
79.348
79.348
24.415
-24.415
122.074
-109.867
-79.348
-30.519
-18.311
-18.311
24.415
48.830
122.074
109.867
48.830
-85.452
-91.556
-97.659
12.207
18.311
67.141
97.659
36.622
54.933
-103.763
54.933
30.519
-36.622
91.556
18.311
91.556
-115.970
12.207
-79.348
67.141
54.933
36.622
109.867
12.207
6.104
97.659
97.659
-6.104
6.104
-79.348
-73.244
122.074
73.244
-115.970
109.867
-12.207
-61.037
85.452
-48.830
36.622
103.763
24.415
-6.104
97.659
-103.763
-109.867
42.726
24.415
-103.763
91.556
67.141
-85.452
-30.519
122.074
-6.104
-54.933
54.933
48.830
18.311
24.415
109.867
91.556
-48.830
-91.556
-73.244
67.141
-122.074
-61.037
122.074
97.659
122.074
-18.311
24.415
36.622
-103.763
-18.311
-73.244
24.415
73.244
-91.556
30.519
122.074
-48.830
103.763
79.348
73.244
12.207
30.519
-115.970
115.970
91.556
-12.207
-85.452
-48.830
-73.244
109.867
6.104
-54.933
97.659
-73.244
-103.763
48.830
97.659
54.933
54.933
-73.244
67.141
-109.867
-36.622
48.830
115.970
79.348
-115.970
-122.074
73.244
91.556
0.000
30.519
-103.763
-109.867
-48.830
-67.141
-79.348
-24.415
122.074
-36.622
-24.415
-6.104
109.867
-91.556
115.970
18.311
122.074
-30.519
115.970
-85.452
109.867
-36.622
-36.622
-18.311
122.074
-115.970
91.556
-48.830
-12.207
-12.207
54.933
-97.659
67.141
24.415
67.141
-122.074
109.867
122.074
30.519
67.141
122.074
-122.074
79.348
0.000
-24.415
67.141
24.415
122.074
-36.622
-109.867
42.726
18.311
-42.726
122.074
-122.074
36.622
-30.519
18.311
42.726
97.659
30.519
67.141
-115.970
122.074
-6.104
-24.415
-24.415
-73.244
61.037
-97.659
-24.415
109.867
-85.452
0.000
-67.141
122.074
-103.763
97.659
-24.415
97.659
18.311
-12.207
12.207
115.970
42.726
115.970
109.867
61.037
-30.519
-91.556
85.452
91.556
-122.074
-115.970
-30.519
-67.141
-91.556
109.867
79.348
-48.830
-61.037
36.622
48.830
-18.311
109.867
-85.452
24.415
42.726
18.311
0.000
73.244
-73.244
54.933
115.970
122.074
12.207
-12.207
6.104
-122.074
79.348
97.659
-12.207
54.933
122.074
-42.726
-109.867
91.556
91.556
54.933
-6.104
85.452
54.933
-103.763
79.348
-97.659
73.244
61.037
122.074
-18.311
-61.037
91.556
91.556
-79.348
67.141
-12.207
-103.763
-97.659
-12.207
18.311
97.659
-67.141
-36.622
-79.348
48.830
-103.763
-54.933
122.074
-6.104
91.556
-85.452
-103.763
122.074
-79.348
-122.074
-12.207
-12.207
-24.415
-54.933
-36.622
-67.141
115.970
-18.311
-79.348
-91.556
-85.452
-6.104
85.452
-18.311
-115.970
-73.244
36.622
-122.074
-18.311
85.452
122.074
6.104
18.311
-85.452
-115.970
42.726
36.622
6.104
115.970
-48.830
-115.970
-42.726
103.763
48.830
-6.104
-24.415
91.556
-12.207
61.037
-109.867
-6.104
6.104
-18.311
-24.415
97.659
61.037
-79.348
-42.726
12.207
-103.763
97.659
-42.726
67.141
-115.970
-18.311
109.867
-6.104
-36.622
54.933
115.970
67.141
-115.970
42.726
48.830
6.104
97.659
-61.037
-91.556
42.726
103.763
6.104
73.244
91.556
-48.830
109.867
-54.933
18.311
-67.141
48.830
-103.763
-73.244
85.452
-61.037
-6.104
-18.311
-48.830
73.244
109.867
-115.970
48.830
-91.556
85.452
18.311
-48.830
-12.207
-67.141
61.037
115.970
67.141
-79.348
-115.970
79.348
73.244
-61.037
97.659
36.622
18.311
115.970
-54.933
-73.244
-85.452
-85.452
103.763
122.074
12.207
-12.207
67.141
67.141
122.074
42.726
-97.659
24.415
67.141
-42.726
67.141
73.244
-79.348
-97.659
6.104
-12.207
-79.348
36.622
-54.933
-67.141
42.726
-73.244
73.244
-61.037
-115.970
-6.104
-30.519
-18.311
18.311
67.141
54.933
-24.415
103.763
42.726
-109.867
-122.074
-30.519
-18.311
85.452
0.000
-36.622
12.207
12.207
-6.104
61.037
48.830
115.970
67.141
-73.244
115.970
-79.348
103.763
18.311
79.348
-54.933
-85.452
54.933
-67.141
-85.452
-36.622
-42.726
103.763
79.348
18.311
-24.415
-109.867
-122.074
85.452
-109.867
79.348
-12.207
-42.726
54.933
18.311
-73.244
24.415
0.000
30.519
103.763
79.348
-103.763
-115.970
-115.970
-109.867
-73.244
-122.074
12.207
-18.311
97.659
-67.141
-42.726
-115.970
24.415
-30.519
97.659
0.000
42.726
109.867
85.452
-24.415
103.763
54.933
-54.933
-12.207
-67.141
-54.933
73.244
-24.415
-42.726
-30.519
24.415
24.415
79.348
-24.415
73.244
-73.244
0.000
-91.556
36.622
97.659
0.000
-18.311
-85.452
54.933
-109.867
-36.622
-115.970
-122.074
-54.933
-24.415
91.556
30.519
12.207
-6.104
115.970
-54.933
-12.207
103.763
0.000
-42.726
12.207
-24.415
0.000
0.000
-91.556
54.933
-109.867
42.726
-97.659
-109.867
-36.622
-6.104
122.074
54.933
-6.104
85.452
42.726
103.763
85.452
97.659
48.830
73.244
-18.311
-73.244
91.556
6.104
97.659
-115.970
122.074
-48.830
-54.933
-79.348
103.763
-42.726
61.037
0.000
12.207
54.933
122.074
67.141
12.207
36.622
-73.244
-122.074
85.452
-12.207
-36.622
67.141
-97.659
122.074
-67.141
-42.726
-24.415
-103.763
122.074
42.726
122.074
115.970
97.659
-61.037
-18.311
36.622
109.867
-36.622
103.763
-36.622
54.933
122.074
79.348
109.867
-103.763
109.867
-73.244
54.933
-42.726
79.348
-122.074
-48.830
-48.830
97.659
30.519
-6.104